spawn:
  world: auwrah
  x: -30.506634263746637
  y: 64.0
  z: 90.53686146642657
  yaw: -66.08674
  pitch: 77.95858
firstspawn:
  world: auwrah
  x: -30.506634263746637
  y: 64.0
  z: 90.53686146642657
  yaw: -66.08674
  pitch: 77.95858
